150,57
150,56
150,55
150,54
150,53
150,52
150,51
150,50
150,49
150,48
150,47
150,46
150,45
150,44
150,43
125,3
123,1
150,42
123,3
150,41
150,40
124,1
124,3
150,39
150,38
150,37
119,1
119,3
122,1
122,3
150,36
150,35
142,2
142,4
142,1
142,3
145,1
145,3
146,1
146,3
120,4
120,1
120,3
0,273
0,270
10,281
10,177
10,233
10,113
10,163
10,31
10,187
10,243
11,19
11,27
11,21
11,25
11,15
11,17
11,23
9,5
8,7
8,18
8,8
8,10
8,14
21,3
21,2
21,1
21,0
20,3
20,2
20,1
19,3
19,2
19,1
12,3
12,2
12,1
11,28
11,24
11,16
11,14
11,10
11,6
11,3
11,2
11,1
10,310
10,300
10,288
10,240
10,180
10,86
10,82
10,80
10,3
10,2
10,1
9,7
9,6
18,1
9,4
9,3
18,3
9,2
9,1
8,17
8,15
8,12
14,1
8,11
14,3
8,5
13,1
8,4
8,3
13,3
8,2
8,1
7,13
7,12
7,11
7,10
7,9
7,8
7,7
7,6
7,5
7,4
7,1
6,7
